best_eval: 1.7996882660075566
start_epoch: 2001
time_delta: 195845.09196829796
total_updates: 2560000
