best_eval: 1.7496038771822886
start_epoch: 289
time_delta: 146936.82338619232
total_updates: 1843200
