best_eval: 1.8084339717046243
start_epoch: 862
time_delta: 487566.02914738655
total_updates: 5510400
