best_eval: 1.8087803526988309
start_epoch: 1069
time_delta: 597931.7036931515
total_updates: 6835200
