best_eval: 1.8087803526988309
start_epoch: 1177
time_delta: 698591.212250948
total_updates: 7526400
