best_eval: 1.8855318570318575
start_epoch: 1874
time_delta: 1213280.6426661015
total_updates: 11987200
