best_eval: 1.8084339717046243
start_epoch: 863
time_delta: 488191.57163095474
total_updates: 5516800
