best_eval: 1.7496038771822886
start_epoch: 288
time_delta: 146231.24933505058
total_updates: 1836800
