best_eval: 1.7496038771822886
start_epoch: 444
time_delta: 250083.7436659336
total_updates: 2835200
