best_eval: 1.8084339717046243
start_epoch: 853
time_delta: 479117.8221013546
total_updates: 5452800
