best_eval: 1.8091680551711242
start_epoch: 1528
time_delta: 909844.9061205387
total_updates: 9772800
