best_eval: 1.7496038771822886
start_epoch: 279
time_delta: 139453.9630241394
total_updates: 1779200
