best_eval: 1.7902431290505463
start_epoch: 688
time_delta: 397463.4976809025
total_updates: 4396800
