best_eval: 1.7496038771822886
start_epoch: 383
time_delta: 210270.66925621033
total_updates: 2444800
