best_eval: 1.7898248501919796
start_epoch: 590
time_delta: 351092.5843257904
total_updates: 3769600
