best_eval: 1.8091680551711242
start_epoch: 1249
time_delta: 765613.5768828392
total_updates: 7987200
